10
6
1|0|1110.699|67.12259|143.70105|143.70105|0.0|0.0|0.0|0.0|0.0|0.0|2|0|1|1|0|0|0|0|n|n|n|0.0|
0|1|930.62897|373.98584|201.6178|201.6178|88.0|0.0|36.0|0.0|0.0|0.0|-1|0|1|100|0|0|0|0|0|3|n|0.0|
0|2|122.1496|325.14886|750.95624|750.95624|271.0|133.0|1.0|0.0|0.0|0.0|-1|2|5|5|0|0|0|0|1|0|n|0.0|
0|3|765.0|358.0|213.768|213.768|272.0|43.0|0.0|0.0|0.0|152.0|-1|0|2|1|-2|0|0|0|3|0|n|0.0|
0|4|331.0|153.0|695.9591|695.9591|0.0|15.0|0.0|0.0|0.0|354.0|-1|0|3|1|-2|0|0|0|2|1|n|0.0|
0|5|661.0|156.0|28.349304|28.349304|183.0|231.0|0.0|0.0|0.0|0.0|-1|3|9|0|0|0|0|0|2|3|n|0.0|
0|6|1104.0|373.0|86.981415|86.981415|269.0|307.0|0.0|0.0|0.0|0.0|-1|5|13|0|0|0|0|0|3|0|n|4.206109|
0|7|481.0|376.0|-30.234009|-30.234009|5.0|288.0|0.0|0.0|0.0|0.0|-1|4|10|0|0|0|0|0|2|0|4|0.0|
0|8|246.0|456.0|434.51355|434.51355|249.0|134.0|1.0|0.0|0.0|118.0|-1|2|6|3|0|0|1|1|5|0|n|0.0|
0|9|318.0|344.0|348.14417|348.14417|348.0|69.0|0.0|0.0|24.0|0.0|-1|1|4|0|0|0|0|0|4|5|n|0.0|
0|6|2|2|3|2|1|1|6|2|7|2|8|2|
1|2|2|1|4|2|
2|3|4|1|5|1|7|1|
3|4|3|1|5|2|1|2|6|1|
4|2|7|3|9|1|
5|2|8|1|9|2|
