11
5
1|0|1079.699|59.12259|-410.29895|-410.29895|0.0|0.0|0.0|0.0|0.0|0.0|2|0|1|1|0|0|0|0|n|n|n|0.0|
0|1|995.62897|348.98584|192.6178|192.6178|84.0|0.0|18.0|0.0|0.0|0.0|-1|0|1|50|0|0|0|0|0|3|n|0.0|
0|2|258.1496|187.14886|750.95624|750.95624|271.0|133.0|1.0|0.0|0.0|0.0|-1|2|5|5|0|0|0|0|1|0|n|0.0|
0|3|851.0|327.0|208.768|208.768|269.0|55.0|0.0|0.0|0.0|138.0|-1|0|2|1|0|0|0|0|3|0|n|0.0|
0|4|466.0|69.0|663.9591|663.9591|0.0|15.0|36.0|0.0|0.0|351.0|-1|0|3|100|-1|0|0|0|2|1|n|0.0|
0|5|816.0|77.0|28.349304|28.349304|183.0|231.0|0.0|0.0|0.0|0.0|-1|3|9|0|0|0|0|0|2|3|n|0.0|
0|6|1130.0|330.0|86.981415|86.981415|269.0|307.0|0.0|0.0|0.0|0.0|-1|5|13|0|0|0|0|0|3|0|n|10.29472|
0|7|659.0|316.0|-131.23401|-131.23401|3.0|288.0|0.0|0.0|0.0|261.0|-1|4|18|0|0|0|0|0|2|0|4|0.0|
0|8|465.0|368.0|608.51355|608.51355|358.0|134.0|0.0|1.0|0.0|115.0|-1|2|6|1|2|0|5|0|4|0|n|0.0|
0|9|897.0|469.0|168.14417|168.14417|281.0|329.0|3.0|0.0|0.0|338.0|-1|5|12|10|0|0|0|0|3|0|n|10.29472|
0|10|458.0|195.0|173.44807|173.44807|182.0|335.0|3.0|0.0|0.0|343.0|-1|5|12|10|0|0|0|0|1|2|n|0.0|
0|7|2|2|3|2|1|1|6|2|8|2|9|2|7|2|
1|3|2|1|4|2|10|1|
2|4|4|1|5|1|10|2|7|1|
3|5|3|1|5|2|1|2|6|1|9|1|
4|2|7|3|8|1|
