10
5
0|0|293.69897|195.12256|464.70105|464.70105|293.0|150.0|1.0|0.0|0.0|104.0|-1|2|6|5|0|0|1|0|1|0|n|0.0|
0|1|859.62897|331.98584|281.6178|281.6178|295.0|203.0|0.0|0.0|0.0|327.0|-1|3|15|0|0|0|0|0|3|2|n|0.0|
0|2|701.2771|98.5531|403.9438|403.9438|6.0|83.0|0.0|0.0|34.0|0.0|-1|1|4|0|0|0|0|0|3|1|n|0.0|
1|3|1117.1497|64.148865|326.95624|326.95624|358.0|3.0|0.0|0.0|0.0|0.0|2|0|1|1|0|0|0|0|n|n|n|0.0|
0|4|519.73596|550.59753|499.9687|499.9687|31.0|53.0|0.0|0.0|0.0|110.0|-1|0|1|1|0|0|0|0|2|0|n|0.0|
0|5|438.0|232.0|79.981415|79.981415|292.0|305.0|2.0|0.0|0.0|327.0|-1|5|12|6|0|0|0|0|1|0|n|6.283185E-5|
0|6|737.0|289.0|253.30289|253.30289|302.0|327.0|2.0|0.0|0.0|344.0|-1|5|12|6|0|0|0|0|3|2|n|0.003530123|
0|7|967.0|453.0|94.85991|94.85991|303.0|35.0|0.0|0.0|0.0|326.0|-1|0|3|1|0|0|0|0|4|2|n|0.0|
0|8|1144.0|410.0|-21.739502|-21.739502|97.0|8.0|346.0|0.0|0.0|239.0|-1|0|2|962|-2|0|0|0|2|3|n|0.0|
0|9|1003.0|278.0|78.83554|78.83554|287.0|0.0|1.0|0.0|357.0|0.0|-1|0|1|5|0|0|0|0|3|4|n|0.0|
0|3|0|2|4|2|5|2|
1|3|0|1|2|2|5|1|
2|5|1|2|4|1|6|2|8|1|7|2|
3|5|1|1|2|1|6|1|8|2|9|1|
4|2|7|1|9|2|
