6
4
0|0|486.69897|152.12256|487.70105|487.70105|316.0|150.0|1.0|0.0|0.0|104.0|-1|2|6|5|0|0|1|0|1|0|n|0.0|
0|1|842.62897|464.98584|318.6178|318.6178|332.0|203.0|0.0|0.0|0.0|327.0|-1|3|15|0|0|0|0|0|3|2|n|0.0|
0|2|817.2771|127.5531|377.9438|377.9438|44.0|83.0|0.0|0.0|330.0|0.0|-1|1|4|0|0|1|0|0|3|1|n|0.0|
0|3|1003.14966|357.14886|-206.04376|-206.04376|358.0|3.0|0.0|0.0|0.0|0.0|-1|0|1|1|0|0|0|0|n|n|n|0.0|
0|4|505.73596|443.59753|662.9687|662.9687|45.0|53.0|54.0|0.0|0.0|110.0|-1|0|1|150|0|0|0|0|2|0|n|0.0|
0|5|767.0|317.0|288.3029|288.3029|337.0|327.0|2.0|0.0|0.0|344.0|-1|5|12|6|0|0|0|0|3|2|n|0.0|
0|2|0|2|4|2|
1|2|0|1|2|2|
2|3|1|2|4|1|5|2|
3|3|1|1|2|1|5|1|
